  -9.7641762e+01   3.6622223e+01   0.0000000e+00
  -9.7640976e+01   3.6622284e+01   0.0000000e+00
  -9.7639641e+01   3.6622223e+01   0.0000000e+00
  -9.7638657e+01   3.6622284e+01   0.0000000e+00
  -9.7637474e+01   3.6622269e+01   0.0000000e+00
  -9.7636406e+01   3.6622284e+01   0.0000000e+00
  -9.7635300e+01   3.6622269e+01   0.0000000e+00
  -9.7634163e+01   3.6622284e+01   0.0000000e+00
  -9.7633125e+01   3.6622269e+01   0.0000000e+00
  -9.7637543e+01   3.6618820e+01   0.0000000e+00
  -9.7637505e+01   3.6618820e+01   0.0000000e+00
  -9.7637474e+01   3.6618820e+01   0.0000000e+00
  -9.7637436e+01   3.6618820e+01   0.0000000e+00
  -9.7637405e+01   3.6618820e+01   0.0000000e+00
  -9.7637405e+01   3.6618793e+01   0.0000000e+00
  -9.7637405e+01   3.6618767e+01   0.0000000e+00
  -9.7637405e+01   3.6618736e+01   0.0000000e+00
  -9.7637405e+01   3.6618710e+01   0.0000000e+00
  -9.7637436e+01   3.6618710e+01   0.0000000e+00
  -9.7637474e+01   3.6618710e+01   0.0000000e+00
  -9.7637505e+01   3.6618710e+01   0.0000000e+00
  -9.7637543e+01   3.6618710e+01   0.0000000e+00
  -9.7637543e+01   3.6618736e+01   0.0000000e+00
  -9.7637543e+01   3.6618767e+01   0.0000000e+00
  -9.7637543e+01   3.6618793e+01   0.0000000e+00
  -9.7637604e+01   3.6618874e+01   0.0000000e+00
  -9.7637543e+01   3.6618874e+01   0.0000000e+00
  -9.7637474e+01   3.6618874e+01   0.0000000e+00
  -9.7637405e+01   3.6618874e+01   0.0000000e+00
  -9.7637337e+01   3.6618874e+01   0.0000000e+00
  -9.7637337e+01   3.6618820e+01   0.0000000e+00
  -9.7637337e+01   3.6618767e+01   0.0000000e+00
  -9.7637337e+01   3.6618710e+01   0.0000000e+00
  -9.7637337e+01   3.6618656e+01   0.0000000e+00
  -9.7637405e+01   3.6618656e+01   0.0000000e+00
  -9.7637474e+01   3.6618656e+01   0.0000000e+00
  -9.7637543e+01   3.6618656e+01   0.0000000e+00
  -9.7637604e+01   3.6618656e+01   0.0000000e+00
  -9.7637604e+01   3.6618710e+01   0.0000000e+00
  -9.7637604e+01   3.6618767e+01   0.0000000e+00
  -9.7637604e+01   3.6618820e+01   0.0000000e+00
  -9.7637741e+01   3.6618984e+01   0.0000000e+00
  -9.7637604e+01   3.6618984e+01   0.0000000e+00
  -9.7637474e+01   3.6618984e+01   0.0000000e+00
  -9.7637337e+01   3.6618984e+01   0.0000000e+00
  -9.7637199e+01   3.6618984e+01   0.0000000e+00
  -9.7637199e+01   3.6618874e+01   0.0000000e+00
  -9.7637199e+01   3.6618767e+01   0.0000000e+00
  -9.7637199e+01   3.6618656e+01   0.0000000e+00
  -9.7637199e+01   3.6618546e+01   0.0000000e+00
  -9.7637337e+01   3.6618546e+01   0.0000000e+00
  -9.7637474e+01   3.6618546e+01   0.0000000e+00
  -9.7637604e+01   3.6618546e+01   0.0000000e+00
  -9.7637741e+01   3.6618546e+01   0.0000000e+00
  -9.7637741e+01   3.6618656e+01   0.0000000e+00
  -9.7637741e+01   3.6618767e+01   0.0000000e+00
  -9.7637741e+01   3.6618874e+01   0.0000000e+00
  -9.7638016e+01   3.6619202e+01   0.0000000e+00
  -9.7637741e+01   3.6619202e+01   0.0000000e+00
  -9.7637474e+01   3.6619202e+01   0.0000000e+00
  -9.7637199e+01   3.6619202e+01   0.0000000e+00
  -9.7636932e+01   3.6619202e+01   0.0000000e+00
  -9.7636932e+01   3.6618984e+01   0.0000000e+00
  -9.7636932e+01   3.6618767e+01   0.0000000e+00
  -9.7636932e+01   3.6618546e+01   0.0000000e+00
  -9.7636932e+01   3.6618328e+01   0.0000000e+00
  -9.7637199e+01   3.6618328e+01   0.0000000e+00
  -9.7637474e+01   3.6618328e+01   0.0000000e+00
  -9.7637741e+01   3.6618328e+01   0.0000000e+00
  -9.7638016e+01   3.6618328e+01   0.0000000e+00
  -9.7638016e+01   3.6618546e+01   0.0000000e+00
  -9.7638016e+01   3.6618767e+01   0.0000000e+00
  -9.7638016e+01   3.6618984e+01   0.0000000e+00
  -9.7638557e+01   3.6619640e+01   0.0000000e+00
  -9.7638016e+01   3.6619640e+01   0.0000000e+00
  -9.7637474e+01   3.6619640e+01   0.0000000e+00
  -9.7636932e+01   3.6619640e+01   0.0000000e+00
  -9.7636383e+01   3.6619640e+01   0.0000000e+00
  -9.7636383e+01   3.6619202e+01   0.0000000e+00
  -9.7636383e+01   3.6618767e+01   0.0000000e+00
  -9.7636383e+01   3.6618328e+01   0.0000000e+00
  -9.7636383e+01   3.6617889e+01   0.0000000e+00
  -9.7636932e+01   3.6617889e+01   0.0000000e+00
  -9.7637474e+01   3.6617889e+01   0.0000000e+00
  -9.7638016e+01   3.6617889e+01   0.0000000e+00
  -9.7638557e+01   3.6617889e+01   0.0000000e+00
  -9.7638527e+01   3.6618355e+01   0.0000000e+00
  -9.7638557e+01   3.6618767e+01   0.0000000e+00
  -9.7638557e+01   3.6619202e+01   0.0000000e+00
  -9.7639641e+01   3.6620518e+01   0.0000000e+00
  -9.7638557e+01   3.6620518e+01   0.0000000e+00
  -9.7637474e+01   3.6620518e+01   0.0000000e+00
  -9.7636383e+01   3.6620518e+01   0.0000000e+00
  -9.7635300e+01   3.6620518e+01   0.0000000e+00
  -9.7635300e+01   3.6619640e+01   0.0000000e+00
  -9.7635300e+01   3.6618767e+01   0.0000000e+00
  -9.7635300e+01   3.6617889e+01   0.0000000e+00
  -9.7635300e+01   3.6617016e+01   0.0000000e+00
  -9.7636383e+01   3.6617016e+01   0.0000000e+00
  -9.7637474e+01   3.6617016e+01   0.0000000e+00
  -9.7638557e+01   3.6617016e+01   0.0000000e+00
  -9.7639641e+01   3.6617016e+01   0.0000000e+00
  -9.7639641e+01   3.6617889e+01   0.0000000e+00
  -9.7639641e+01   3.6618767e+01   0.0000000e+00
  -9.7639641e+01   3.6619640e+01   0.0000000e+00
  -9.7641762e+01   3.6622223e+01   0.0000000e+00
  -9.7639641e+01   3.6622223e+01   0.0000000e+00
  -9.7637474e+01   3.6622269e+01   0.0000000e+00
  -9.7635300e+01   3.6622269e+01   0.0000000e+00
  -9.7633125e+01   3.6622269e+01   0.0000000e+00
  -9.7633125e+01   3.6620518e+01   0.0000000e+00
  -9.7633125e+01   3.6618767e+01   0.0000000e+00
  -9.7633125e+01   3.6617016e+01   0.0000000e+00
  -9.7633125e+01   3.6615265e+01   0.0000000e+00
  -9.7635300e+01   3.6615265e+01   0.0000000e+00
  -9.7637474e+01   3.6615265e+01   0.0000000e+00
  -9.7639641e+01   3.6615265e+01   0.0000000e+00
  -9.7641815e+01   3.6615265e+01   0.0000000e+00
  -9.7641800e+01   3.6617016e+01   0.0000000e+00
  -9.7641815e+01   3.6618767e+01   0.0000000e+00
  -9.7641815e+01   3.6620518e+01   0.0000000e+00
  -9.7640129e+01   3.6622540e+01   0.0000000e+00
